83.99 56.64 145.70 302.72
124.12 90.62 350.48 183.01
125.09 84.68 225.12 197.40
62.53 39.04 253.60 211.01
114.15 29.60 237.38 237.04
37.27 8.72 354.48 321.99
71.79 99.26 352.08 163.75
172.91 130.10 198.54 177.58
81.38 78.04 229.20 209.21
144.64 77.54 105.54 262.76
173.76 95.63 191.87 150.94
22.48 63.69 161.79 109.99
140.88 76.30 252.55 167.97
162.42 51.34 252.19 319.97
164.52 63.15 149.83 215.58
78.74 43.17 311.83 340.80
44.96 51.48 302.01 452.36
58.23 100.07 346.11 219.48
53.51 96.78 448.98 199.83
68.77 61.78 375.38 197.24
103.81 34.46 375.44 293.73
38.35 67.39 256.03 456.76
158.18 54.00 152.12 235.02
82.03 93.87 369.85 227.43
69.25 117.96 428.52 189.08
130.45 92.32 267.19 145.77
62.15 118.83 259.09 190.35
166.57 50.97 316.02 267.75
95.97 131.35 190.28 306.42
30.07 47.18 185.45 295.95
53.53 41.22 341.51 422.50
122.44 25.98 362.73 304.08
47.66 49.37 282.70 220.03
66.90 45.30 303.12 410.27
155.63 51.09 206.66 285.21
99.12 62.05 128.78 179.08
83.11 65.73 263.94 249.58
47.14 70.82 404.90 311.22
100.79 95.33 366.73 379.42
56.61 95.43 200.95 382.44
144.03 62.79 140.32 164.42
62.44 61.08 412.52 269.20
174.82 68.84 156.49 197.73
99.89 80.33 285.71 228.64
117.84 47.31 176.48 257.67
95.94 50.52 271.33 297.76
132.94 34.72 211.18 309.80
155.72 40.42 307.59 370.35
120.88 33.48 314.70 313.50
35.98 132.95 245.26 312.93
67.38 92.90 144.65 248.59
198.59 63.21 266.38 196.03
193.81 83.68 225.23 271.79
37.34 76.81 278.33 412.18
113.96 73.27 225.84 234.24
146.28 44.92 387.31 406.27
56.34 66.07 251.87 388.43
116.55 123.31 240.73 314.89
128.10 85.39 275.62 252.21
92.77 67.99 259.20 224.11
21.42 19.11 137.35 144.70
39.04 86.66 136.72 186.59
103.36 58.16 172.64 209.83
75.01 61.69 134.99 215.93
39.81 107.42 151.25 220.76
20.31 34.04 165.34 194.73
125.18 57.38 292.82 262.87
95.71 112.24 255.16 335.32
102.13 92.17 200.27 351.93
134.45 43.84 388.98 290.99
215.30 45.42 260.38 233.37
70.40 55.78 166.30 165.74
77.31 83.61 337.58 248.42
138.51 100.04 270.49 335.30
70.51 63.42 226.40 404.73
157.36 41.96 303.47 376.43
81.04 89.94 209.96 408.11
49.28 37.63 497.86 285.81
89.89 71.33 353.77 282.84
79.31 54.27 189.67 183.38
49.21 65.12 260.42 165.26
109.76 42.98 265.21 183.93
22.82 24.73 269.60 239.46
101.12 55.45 242.30 126.86
39.02 42.13 384.05 285.72
133.33 110.62 319.53 185.36
93.41 55.40 313.51 248.00
122.70 132.98 198.50 159.43
40.27 75.46 403.66 280.68
213.56 99.12 235.22 210.57
103.86 45.74 452.34 304.91
105.43 92.75 212.66 152.57
100.50 66.37 282.80 204.49
199.92 116.81 151.97 165.08
132.60 43.47 340.18 223.78
144.28 90.44 301.56 195.95
236.12 77.95 223.63 183.16
86.48 66.41 266.50 296.61
10.57 37.99 351.09 409.12
105.02 116.93 349.17 219.92
122.76 147.29 152.61 240.44
33.09 94.67 337.07 401.31
120.79 84.97 329.76 248.12
149.06 55.09 317.29 251.02
97.96 140.56 270.54 310.57
113.34 77.60 357.81 454.49
77.22 101.81 282.12 346.80
124.51 103.34 218.05 198.49
122.67 71.05 339.20 273.60
174.96 81.42 231.69 231.59
89.48 135.65 227.16 287.12
