60.0 27.0 325.0 304.0
139.0 30.0 153.0 264.0
14.0 112.0 388.0 186.0
112.0 90.0 255.0 242.0
33.0 53.0 251.0 395.0
7.0 75.0 420.0 262.0
27.0 4.0 199.0 201.0
1.0 52.0 342.0 260.0
47.0 21.0 179.0 249.0
36.0 32.0 197.0 457.0
37.0 40.0 262.0 184.0
23.0 80.0 395.0 237.0
141.0 87.0 256.0 211.0
45.0 58.0 254.0 249.0
135.0 83.0 304.0 181.0
23.0 195.0 255.0 122.0
11.0 77.0 281.0 139.0
5.0 4.0 210.0 130.0
154.0 93.0 188.0 165.0
50.0 25.0 156.0 139.0
172.0 106.0 265.0 214.0
37.0 61.0 409.0 180.0
65.0 62.0 309.0 345.0
1.0 2.0 499.0 286.0
90.0 29.0 224.0 211.0
82.0 52.0 260.0 260.0
66.0 115.0 360.0 214.0
19.0 18.0 464.0 294.0
72.0 40.0 286.0 225.0
40.0 4.0 368.0 445.0
69.0 57.0 199.0 141.0
130.0 29.0 202.0 393.0